2nd Exit Code



























8021














8028
8028








65
65


84

8001
nothing
143



60307
60307
60307
60307
60307
60307
60307
8028

8021

-99

8001
8001
8001

8001















































8021


8021






























































8009



















8007











8009



























































8028
8028
8028
8028
8028
8028
8028












8028
8028
8028
8028
8029
8030
8031
8032
8033
8034
8035






8021










































































8022
8022
8022
































822



















































































































































































































































































































































8501
8501














































































99996




















