99303
99303
99303
99303
99303
99303
99303
99303
99303
50513
50513
50513
50513
50513
50513
50513
50513
50513
71305
71305
71305
71305
71305
71305
71305
71305
71305
85
60312
8001
8001
8001
71104
71305
99303
71305
60312
71305
71305
71305
71305
8002
92
92
60312
71305
71305
71305
71305
71305
71305
71305
8001
8001
71104
71104
92
71104
8001
71305
50664
139
71101
71101
99109
99109
99109
99109
99109
99109
99109
92
50664
85
71305
-99
71305
8001
8001
8001
71104
8001
50664
92
71305
139
139
139
139
139
139
139
139
139
139
139
139
139
139
139
139
139
139
139
139
139
139
139
139
139
139
139
139
139
139
139
139
139
8003
71104
8001
71305
92
50664
139
92
71305
71305
71305
85
139
71305
85
71305
139
139
92
71305
139
139
139
71104
71305
71305
139
71305
71305
71305
85
85
71305
71305
71305
71305
71305
50513
50513
7104
8001
71305
50664
71305
71305
50664
139
139
139
139
139
139
139
139
71305
60312
60312
71305
71305
71305
71305
71305
71305
71305
71305
99109
8001
71104
8001
71104
71104
8001
50664
71305
85
139
71305
73
71305
139
92
92
92
92
92
92
92
92
92
92
92
92
71305
71305
71305
8001
71104
71
8001
71104
8001
8001
71305
50664
71305
85
50664
71304
8001
73
71305
8001
60450
92
71305
71305
139
139
71305
71305
85
50513
50513
50513
50513
71305
71305
139
71305
71305
50513
50513
71104
8001
71104
8001
71104
50664
71305
50513
71305
71305
8001
139
71305
50664
50513
50513
50513
50513
50513
50513
50513
50513
50513
50513
50513
92
92
92
92
92
92
92
92
92
99303
99303
99303
92
92
92
92
92
92
92
50513
8001
8001
71104
71104
71104
50660
71305
71305
71305
71305
50664
92
92
92
92
92
92
92
92
92
92
92
99303
99303
99303
99303
99303
139
85
71104
71104
71104
50660
71305
8001
50664
50664
92
92
92
92
92
8002
92
92
92
8001
8001
8001
8001
8001
8001
137
137
137
137
71104
71104
71104
139
139
71305
71305
8001
50664
71104
71104
92
92
139
73
73
8001
8001
8001
71104
71104
71104
139
71104
71104
8001
73
71104
139
92
92
92
92
92
92
71104
85
8001
8001
8001
8001
71104
71104
139
50513
60312
70452
86
86
86
60312
92
92
92
92
92
50664
50664
50664
50664
8001
139
85
71104
92
92
84
8001
8001
8001
8001
8001
50664
50664
50664
50664
50664
71104
139
71305
139
139
86
92
92
92
71305
71305
92
8001
8001
8001
8001
8002
50664
50664
50664
50664
50664
71305
139
92
92
71305
71305
71305
60312
8001
8001
8001
8001
71305
71305
50664
50664
50664
139
92
60312
71305
8001
8001
8001
8001
8001
50664
50664
50664
71305
71305
139
139
139
139
139
60312
71305
71305
71305
71305
71305
71305
71305
92
8001
8001
139
139
139
139
139
139
139
71305
71305
71305
71305
71305
71305
50664
50664
139
139
139
139
139
71305
71305
71305
71305
92
132
132
99303
139
8001
8001
8001
139
139
139
71305
71305
71305
71305
71305
71305
71305
71305
71305
71305
71305
71305
50664
50664
50664
99303
99303
99303
139
85
99303
99303
99303
99303
99303
99303
99303
99303
99303
99303
99303
92
92
92
71305
99109
60450
139
139
139
92
92
71104
71104
71104
71104
71104
99303
99303
99303
99303
99303
99303
99303
99303
99303
99303
99303
99303
99303
99303
99303
99303
99303
99303
99303
99393
99393
139
99303
50664
99303
71304
71304
71304
8001
50660
139
71305
71305
71305
71305
71305
11003
85
85
85
85
85
85
85
85
92
92
71104
92
92
92
92
92
92
92
92
92
92
92
92
92
92
85
85
85
92
92
92
92
92
92
71104
71104
71104
71104
71104
71104
71104
71104
71104
99303
99303
99303
99303
99303
99303
99303
99303
99303
99303
99303
99303
99303
99303
99303
99303
99303
99303
99303
139
139
99303
50664
50664
139
139
99303
99303
50660
8001
71305
71305
60312
99303
92
50513
92
92
92
92
92
92
92
92
92
92
92
92
92
92
92
92
92
92
92
92
92
92
99303
99303
99303
99303
99303
99303
99303
99303
99303
139
50664
50664
71104
71104
99303
99303
8001
139
92
92
92
92
92
92
92
92
92
92
92
92
99303
99303
99303
99303
99303
99303
99303
99303
99303
99303
99303
50664
50664
50664
99303
8001
71104
7002
99401
99401
50513
8001
8001
8001
8001
8001
54
54
8001
99303
99303
99303
99303
99303
99303
99303
71305
139
139
92
92
92
92
85
85
50664
50664
99303
71104
50513
99400
99400
60312
71305
71305
71305
71305
8002
99401
50664
8001
8001
8001
8001
99303
99303
99303
71104
92
50664
50664
50513
50513
92
71305
71305
99401
99401
60312
71304
71304
71304
8001
8001
8001
8001
71104
99303
99303
99303
99303
99303
99303
99303
99303
50664
50664
50664
50664
8001
8001
92
92
85
99401
99401
134
11003
71104
71104
71104
71104
99303
99303
99303
99303
99303
99303
99303
99303
99303
99303
50664
8001
8001
8001
92
99303