Threshold
7628
360
346
290
155
34
164
162
44
2412
2196
833
487
445
47
34
29
51
1360
673
484
156
136
124
98
85
26
129
38
-100
0
-100
0
88
-100
665
591
498
177
108
80
79
58
44
43
39
36
33
30
26
20
20
-100
0
-100
-100
-100
-100
-100
-100
23
-100
741
741
503
204
175
119
110
88
90
59
54
34
28
-100
25
0
-100
0
-100
-100
-100
-100
2
2
-100
7852
15789
4901
446
403
367
359
300
258
284
176
173
157
154
131
112
109
78
76
65
64
62
54
50
48
44
42
41
37
37
23
37
0
0
14
0
0
0
0
1
37
23
84
649
111
92
83
68
53
42
34
24
-100
22
0
5
0
1
0
284
106
92
76
53
44
45
33
33
0
5
-100
3
12
6
2
3
13
1294
91
1315
1266
299
59
-100
107
261
133
84
82
43
40
25
31
24
24
21
18
0
-100
0
0
0
0
0
8
0
1
4
0
7
2
458
212
116
78
70
45
42
37
30
30
21
21
20
166
6
-100
-100
-100
-100
0
-100
-100
31
0
13
13
-100
3
-100
-100
-100
-100
70
59
54
53
52
48
34
30
23
13
164
102
77
71
62
42
34
29
180
2
2
0
0
0
0
0
3
10
-100
4
0
37
0
0
119
119
119
119
100
100
100
100
100
31
31
2859
201
146
96
76
74
58
44
27
370
132
22
4996
357
249
84
23
9
21
100
0
0
0
0
0
0
0
5
0
0
0
2260
118
74
26
126
88
71
115
98
63
37
46
32
28
25
21
54
24
0
0
0
0
0
0
0
0
0
206
142
68
34
50
42
28
0
0
0
10
0
0
0
2
1
1
2
0
0
0
16
16
0
0
0
0
127
47
65
37
24
0
0
0
0
0
0
0
5
-100
-100
-100
-100
-100
-100
-100
59
55
34
44
32
26
39
30
0
0
0
0
0
0
0
76
111
2
55
45
52
88
86
67
50
43
30
81
35
32
26
0
0
0
0
0
319
46
0
0
0
0
0
1
13
14
0
0
0
0
1189
4156
471
118
90
52
22
63
60
44
0
0
0
0
0
0
1
1
0
0
2
0
180
86
41
32
31
25
0
0
0
0
1
0
0
3
0
0
277
111
39
0
0
0
0
0
0
1
2
0
0
0
7741
111
78
63
137
70
64
51
34
27
26
25
22
0
0
1
4
8
1
15
11
5
1
6
21
6
0
6
1
0
21
0
0
10
0
166
24
20
113
70
45
22
37
26
0
0
0
1
0
2
0
2
1
0
14
6
6
0
5
0
3
2
6
2
0
1
5
3
0
0
89
81
80
71
68
47
39
23
23
21
20
60
37
24
30
25
21
0
1
0
3
0
2
0
9
13
6
0
1
1
0
0
0
7
1
0
18
13
1
61
23
15
0
0
39
0
1
0
0
0
0
0
9
6
4
0
0
0
300
166
93
72
47
64
57
41
32
30
29
28
24
24
41
23
22
1
0
0
1
0
0
4
1
5
0
1
0
1
1
2
0
0
3
8
3
6
0
27
2
0
4
1
0
0
2
0
51
0
1
1
7
2
0
7
0
27
50
0
6
14
0
0
72
6
6
14
0
5
0
0
0
9
0
6
2
0
0
18
7
0
0
22
3
0
0
0
0
0
0
0
0
0
0
0
0
0
0
0
0
0
0
0
0
10
1
0
2
11
0
0
2
0
1
4
2
0
0
0
0
0
3
0
0
27
0
0
0
0
0
0
0
1
0
0
0
0
1
0
8
0
1
0
0
0
0
0
4
0
0
0
0
0
8
425
36
92
0
0
0
1
0
0
0
0
0
0
0
0
0
0
0
5
1
0
0
0
0
0
0
0
0
1
0
0
92
313
66
108
60
43
22
20
50
50
0
313
0
0
0
0
0
0
0
0
0
0
283
133
62
60
20
50
28
45
2
0
0
0
0
0
0
0
0
0
0
0
0
0
0
0
0
0
0
0
0
0
0
0
0
0
0
569
259
190
0
50
0
0
0
0
0
0
0
0
0
2
2
0
0
0
0
0
0