Threshold 
-100
-100
-100
-100
-100
-100
-100
-100
-100
-100
-100
-100
-100
-100
2.3
1.8
0.0
0.0
8.0
6.8
-100
1.4
5.7
-100
15.7
21.8
0.5
-100
-100
100
100
34.60
57.2
21.8
20.10
16.2
0
9.2
3.8
23.7
8.9
0
0.8
0.5
0.3
0.9
2.1
15.1
9.3
6.1
0.8
3.6
100.00
94.4
73.90
62.80
61.40
29.60
29.3
23.70
-100
20
0
0
-100
-100
-100
-100
-100
-100
-100
-100
0.5
0.9
0.8
-100
0.50
100
95.50
90.7
76.90
26.30
25.60
25
23.5
23.5
22.00
-100
-100
-100
-100
-100
-100
-100
-100
-100
-100
-100
-100
-100
-100
-100
-100
-100
-100
-100
-100
-100
-100
-100
-100
-100
-100
-100
-100
-100
-100
-100
0.1
76.9
100
33.5
33.0
33.0
24.1
23.5
21.0
0.1
6.9
0.1
0.4
16.9
2.4
18.50
0
25
0.7
0.7
0.9
1.50
1.6
76.9
47.6
38.9
34.6
32
1
1
2.4
2
0.9
10.2
8.7
16.8
0.7
100.0
100
87.20
80.0
46.9
34.7
39.0
32.1
21
1.2
-100
0.4
1.2
1
0.1
17
0.9
1.2
.8
.8
46
0.7
0.6
1.9
34.4
15.3
17.3
1.3
0.5
100.0
100.00
94.7
92.9
87.0
71.4
50.0
39.2
38.1
33.1
32.4
27.5
25.4
21.9
-100
-100
-100
-100
-100
-100
-100
-100
-100
-100
-100
-100
1.2
1.5
10
100
100.00
100
92
85.6
85
34
44.1
40
39.0
39.0
33.90
32.4
73
27.50
25.70
20
-100
17.1
1.3
0
0
10.3
7.1
1.0
13.2
1.6
0.0
0.0
1.2
1.6
1.5
2.8
16.7
0.7
0
100.0
99.6
94.6
92.9
84.5
83.0
45.5
56
41.7
38.00
32.1
31.7
31.4
25.4
22.1
0.0
0.0
0.0
0.0
0.0
0.0
0.0
0.0
0.0
100.0
100.0
1.8
1.9
1.9
18.1
1.3
44.8
0.9
17.5
1.9
2.4
4.6
1.3
4.6
3.1
2.7
10.0
0.3
1.3
0.1
-100
92.6
84.9
83.8
82.7
54.2
68.3
44.9
37.7
30.1
24.9
32.2
4.5
2.0
10.1
2.3
0.0
1.6
0.0
0.0
3.7
0.0
0.4
0.0
1.4
1.2
11.7
0.1
1.9
1.1
82.7
35.9
79.5
48.6
44.9
37.9
32.2
24.9
24.1
3.7
4.7
0.2
3.0
0.0
0.1
0.1
-100
100.0
100.0
100.0
98.5
23.3
20.0
100.0
100.0
100.0
100.0
80.1
31.1
78.7
66.7
34.0
44.8
24.9
38.0
32.2
1.5
1.6
1.2
1.6
2.5
98.4
95.7
95.4
93.3
85.7
79.9
75.0
51.2
36.30
32.30
29.80
28.60
27.50
22.20
21.20
0.2
0.2
0.9
0.0
1.7
1.5
18.6
0.3
95.4
93.4
85.7
28.6
73.9
70.2
28.8
6.4
0.4
0.2
4.9
28.2
31.1
0.4
0.0
0.0
0.0
0.0
0.0
26.5
29.9
4.5
1.1
31.3
26.5
24.0
21.9
20.0
1.3
7.2
100.0
86.1
26.3
20.8
20.0
48.6
46.2
38.6
34.8
22.2
3.2
26.5
0.8
0.8
0.0
98.2
0.0
0.0
0.0
0.9
0.7
0.0
100.0
95.7
81.6
26.3
98.7
53.8
49.1
45.1
33.1
27.3
42.3
26.5
0.1
0.8
8.7
0.9
53.9
2.0
100.0
92.9
26.3
25.0
42.1
32.8
50.5
44.6
23.1
26.5
0.1
0.8
8.7
100.0
90.1
87.7
26.3
22.2
53.7
50.0
44.2
42.0
32.6
26.5
18.4
3.2
2.7
2.8
0.8
0.0
0.8
1.3
2.4
34.5
3.6
39.6
45.2
96.4
25.0
86.1
76.8
61.6
51.0
44.2
34.8
33.3
56.3
41.6
39.3
38.4
32.1
24.0
53.0
23.1
44.9
38.1
25.0
21.6
26.5
0.0
11.0
4.2
2.9
2.4
0.1
0.1
0.1
14.7
96.9
83.3
30.8
81.2
34.2
31.4
69.0
52.9
44.1
29.4
27.6
56.8
42.2
36.2
35.8
31.8
28.7
26.6
59.0
53.7
23.1
44.4
28.6
25.0
26.5
25.0
21.4
75.5
17.6
51.2
13.0
22.8
10.8
43.4
50.0
19.2
61.8
2.7
30.0
36.5
60.1
78.1
74.0
100.0
49.3
47.4
100.0
100.0
98.3
73.4
62.8
33.0
27.3
98.2
91.6
88.1
86.4
78.1
77.8
75.3
74.4
65.1
61.6
60.4
59.1
51.1
49.8
42.5
37.9
35.3
29.8
29.8
95.2
58.9
75.4
66.7
52.9
38.9
38.0
34.0
33.7
31.6
64.5
25.4
0.0
0.9
7.7
48.5
21.2
2.8
38.9
0.0
35.8
47.7
21.7
20.0
53.9
11.4
18.6
32.0
1.8
100.0
91.7
81.7
65.6
53.6
38.9
38.6
34.7
28.3
78.4
68.4
37.0
32.8
62.6
30.0
29.6
24.3
30.0
26.4
23.6
24.6
23.8
22.0
86.2
79.4
32.8
71.8
60.8
36.3
34.3
28.0
38.9
84.5
82.2
65.8
59.6
58.2
57.3
55.1
54.7
53.7
48.4
33.3
30.3
28.8
27.9
21.6
21.2
20.7
20.1
20.0
65.9
23.4
58.8
52.8
23.1
47.5
34.0
38.4
35.9
31.7
31.6
31.5
26.7
30.6
71.5
0.0
100.0
74.2
69.6
54.8
29.4
26.4
22.4
70.6
65.0
63.4
42.1
28.3
28.3
21.9
21.6
62.3
41.6
29.0
1.6
21.2
20.6
20.1
20.1
67.3
50.6
49.1
47.5
25.6
24.8
22.6
20.7
59.8
26.3
52.7
3.1
33.8
29.6
32.1
28.0
31.6
26.3
1.3
69.7
68.9
44.5
27.80
22.2
64.6
61.7
39.6
25.0
61.8
20.4
65.7
62.8
50.6
49.2
44.5
27.9
26.0
25.6
24.2
22.2
20.7
59.0
52.7
28.6
32.1
31.6
29.1
26.7
0.0
0.0
75.0
100.0
42.6
33.3
28.4
25.0
100.0
50.0
100.0
65.7
62.8
50.6
44.3
28.0
23.7
20.6
64.3
58.5
26.0
57.5
52.3
26.0
21.6
25.5
23.9
50.1
49.2
31.2
29.0
27.3
95.2
7.3
0.3
1.0
26.6
0.1
8.2
0
-100
96.1
95.2
80.0
78.3
80.60
65.7
62.8
44.3
65.1
63.9
58.1
49.3
3.2
0.1
0.6
1.0
8.1
0.0
0.4
0.5
98.9
63.9
44.6
94.5
82.7
80.0
21.1
65.1
62.7
41.2
31.3
29.0
27.1
21.6
21.4
20.2
62.3
57.3
49.3
49.3
37.7
34.0
37.3
35.2
27.3
26.0
21.7
0.1
0.0
97.9
92.0
32.9
65.1
62.7
62.3
49.3
49.3
41.2
29.0
27.1
21.6
21.3
21.3
57.3
37.1
33.8
21.7
36.9
31.3